720 Index uerborum 8318883188881,

8311131181. ‚commodum 116, 30. 130, 88888131ὀω

1, 539, ,8311138388 136, 34 3643 186,

831138 8381,8818’366,1’4. 473,7 .30.4863504,8“’
1153 1.84,5,334,33. 88138181,..,1043314311641.131131,

33810 3858331834613 31336,33543,388,638

356,,34688.483,8.,,,4808481 415,.’.167483,18483,151

35.0118,18838811181’177,3. 111,1

131, 13618111831188881881883 88 3813063363

883311881881881) Π136,3 881 18188014116813
831881 888818 18888888 1811818181 7, 81818818 11181111818()1(31(113ΜΛ

188381883818 membro 1181188· 8181111111 ,114316

 

