uerborum 1111111111111.

1611150111. interitum motu
1111111 eligentes 218, 19-1113111
11(1“. q. 111111) 222, 22
eliminato pit 11111111111111 206,
9, 1111111111 221, 16, hamoni·
111111 431, 2, numum 1111111111
13θὲἒὲ 1111111111 mortulam
1611111416, 16. C 11 24, 10
empuis uerbi 1111.ο qm 1111111 (11
111) 016, 69. oum 1111111111
(11. 111) 11111 0115, 6. 11111
(11. 11111) 11111111 011, 16. sod
11111 procurator 1111111111 (11111)
491, 22. 111111111111111111. 1111)
G 11 69, 1. 1111111111 11111111 (11.
enm 1111) 0 14. 115. 1111111111111
(11. 11 1111) peregrino 1111111 fae·
· 111 6 Π 81,9. 1111111111 1111111
quod 111111 menti· 1111111 (1 1.
pecudes 1111 quod 1111 1. homo
m. ’1) C 11 15, 4. idom 111 111111-
11111 loqui quod 1111111111 111
1111111161. 1111) 440, 26. cf. 15,
19. 342, 22. 365, 8. 444, 16. 61
9,10. - quicquid optimum 11111111
(11, 11111111) 453, 6 (111111. 219,
6) aed 111 1111111111 - iam 11 ad
11111 1111111111(11111.1111111111111)

960, 24 - quotiens 111 obnoxios

1111 11111 1111 (11 111)
1111111111 11111 6. 22. 1111111111
311111111106111111111) 1111111
scelerum 111 111111 (111111 1410,
1126165111111111
11111 11 1112611111
11 uariarum 1111111 uirtutum 11-
111111111131 parturit, 11111111·
1111111 111111111111111 1111111111
(11.1111111)403,11. 1110111111
1111111 1111111111 11 (11. 1111 11111)
1111111 189, 8. 11111111 111111
munionem 111 polum 11111
111111, (11. commum), 1111
1111111. 1111
1. 111, 1111111111]
11111111) 01111111 Ι110, 22. ,1111111-
141421112111111111
11111111 316. l· 11111111 (11.. mm)
0 11 16, 9. praesente· (11. 11111111)

066

11111111111116111 11 11111111
οὶοίὲῗιῗίιέῗῗ 1131611ἐὸ11161 161, 6.
ffigffss, 5. 264, 11. 402, 1.
elocutor 1111111 2, 1. 48, 11
111111111111,11161111 250. 11·
600, 26. 668, 2. 1. 1111111111 9411.
quid 1111111 depraedationes 220,
16, nium 111 ui (1. &adescribpm
111111. ,26 ,22. 1166,
affinffiffl·
1911.··..1..1.11111111
11111ἓ811ἓ11ῗ1ἣ11171 {mg} 1ιοῖ
1161. c'1 2? 11. 1111. 11111.
0 ΠΙ 16, 1 3 1. q. 1111111111 tali
3212221311111‘511312
1111111
0101011101111811, 1
1111111161 460, 5
4202019131311134331'1107 118, 20. 101, 26.
11111111 ,22
1111111 (ellubie BT, 1111111111 LV>
1111111966
1111111921, 11 .
11111111111111
111111 19626101 ,1111111111061
os. 409, 0. 1111061111 1111111111
110, 24. 112. 26 12219. 161, 16.
151,11.1Ι.162,11.194,2.11111·
W? 1111111111 do 11111 1121.
1111111111 1111111 40, 22. 11 ultra
omendwionen 111111111111111111
(153), 5 (= 11111111 111111. xvn
emerere 1111111 1111111212 5
1111131111 111111) 1111 1111111111
1111111 1111111111 11116111 281,
11111111111111111111, 22 ,
11
1111111111 1. q. mr 11111111 1111.
affin1:6142311221’28'12413‘,y 12. 2⁵114'131‚‘³ 26.
ἐξ, 16. 961, 6. 664, 21. 6661.

44,1. 811). 1111111111111111116, amortuis 1111 11111111 artubus 121,

21. 15, 9. 21112. hatum (1111121-

21

 

