uerborum 11 locutionum. 611

glutinum societatis 411,9 habitatio 35, 111 963,19. 340, 93.
glutto G II 68 365, 91. 5.1111κ1111111111111319,3
gradibus {m} 11111151) 11111111 habitator 11511 909, 90. 341, 13.
13199. 1511111111111151111 358, 10. 498, 4, 5111111111 183, 4,
1111111111 111, 11.-111. 111319, 11111495, 90
... 0.
390, 15. 391, 15. 399,15. 413, 99. 51111115111111111111111115990, 8
,3151119131ίῇ11 151, 1 19531315115511111)1111111111
1111131911186111· 31111111951913
1111111111 1 111. 11 ⁸⁹³
‚ 1,· 1 v , 1 .
11111.11118 114 .., 1... 1111111111Μ ²⁹⁶* ,
1111116191, 1111 1111111111 99, 5115111 111111 01150 11151111
19, 1111111111111411,10, deputo (11. 111111111111) 11110 Π 10, 3
11111111 144, 15. 11. 13, 90. 115, 5111111111111 95311
9ῗὲ 181, 1411131111 1111111111 am· 51Ξ1ὲ13111 86111111) 83, 14. 389, 11.
ς151111111ξῘ51111111111 10, 10 5111111111 11111111111111 11111-
1111111113. 11 811, 1. 881, 18. 1111496, 9.
403, ἑο 30543’134'0111144'001'211 11οῇ 111411. 4314. 413, 4. 985, 10.
,1191111 ’11111 1111111111 111511, 11. 1111111

guma 9111111111 ,19. hiatus.- 1511111111 111111 sudorem,

gastus tropaei 60, 11. 11. 910, 94. Ι1111111111 1115111 406, 9 ‚
46019 11111111 11111511111111111 1111111111
guttula 191, 18 14,1. pati grandes 51111161.
gymnasia 1111111111 451, 91, 111111- superbia 111111) 15, 14. cf. 9, 8. —-
1111114, 9. cf. 46, 91 111111 51111511 11111111 11151111 in·
Η 511ῐ5η15111ῗ111 {iu 11191018. 998,
fflfflfflfflflffiffii 1129711181, 566511111Ψ196131111
5151111111. 1111110151 Ι48190Ι · Ι ⁹
51511111111111111111111111111111 5111111111 11. 151111111111111151
111511 1111111111 1511111115 10919. 5111111111 11111111 10, 13. 11. 119,
5111111111 5151111111111111111 11. 131, 91. 180161 15185,
9916. cf. 84, 4. 5513. 94,16. ι1. 961, 15. 969, 8. 890, 48591
11, 16. 88, 14. 89, 94. 113,11. 111111 1. ,111111115111 1111195,
9191111191115915 111115131519511
49, 4. 11111115151111111111111- 51111 11119 11, 8. 51111 1111111
sertio ,3. es. 53, 99. 109,.19. 311, . 111111 gum 1111 11111111
136, 91. - qualis 515111 (1.1. pomo 105, -5111111, po·
1115111) 11011 ex 11111111 1111111111 1111 ᾗ 1 15, 19
909, 9 quae 11111111 1111111111 5115111111. ,1111111 3636
51511151111111111151111111400,91. 5511111111 1119. 36818. 4168.
ᾞ6’5511ᾚ11ῧ111 1511 11311111ῗῇ 100, 1. 11111, 1
51 1111111111 150, 1 5111111111 9, 5

 

