1111111111 11 locutionum. 655

1111111 841, 8 111841. mutuus 1111 sit (11111111
11111111. 1111111111 iu lsudibus uisi 1111 1111111111 nimis iuspts
ipsis turpe 111101111111 381, 18 1111111146,10.888,14.11“11.11111
11111111. homo in 11111111 111· 111111 381, 18. 0 Π 16, 10. 1111111
11111111 85, 11. 84, 13. 68,15. 1,5
81, 18. 91, 11. 100, 83 108, 14. tumbula 291, 1. 819, 14. 0 1 134, 8
110, 80. 118,Ιο 18114. 188,1. tumultus 1111111 11111111 438, 8.
135, 81. 140, 14 148, 81. 144, 1. 111111111111111848, 9
146, 88 141, 6. 14918. 158,Ιο tumulus fids 111111 minuit probs
156, 88. 151, 80. 111, 21. 118, 8. fauts multorum 881, 80 (1111111111
19811. 80518. 88414. 886, 6 cumulus 808, 18. 855. 1. 350, 8).
9. 889, 8 15. 11111111 189, 80. tumuli 11111111 450, 84
815, 18. — 11111 suut 1111111111 1 tunsus: peu srspsutss 11 mors uulgi
iugo 1111116111111111198,11.11- tunsos 588, 8. tunsi militum
ffiffiwlgwgnlffllgbiuu 118781811813 ’
1111111111 111111 899, l (ss. in supsdussuui 1111 parents 831, 85
culmine constituti 186,1). 1111111 (cf. susrus)
munsrs 111111111111111111 848, curreret. .111, 1111111 1111111111
11.111111111111111111350,19.111- iuri audientiam mox 1111111186,
1111 1111111111 1111150318 11. cs. 814, 11. 880, 19. 338, 1.
culmi 11111111 nostrus 10, 18 394, 1. 484, 86,-11111111111111
1111111111101113811. 865,9 uitium 19, 88. poposci ut duret
1111111111 888,10.485,8 etism 11111111111111111111111
1111111 144, 8. 181, 5. 194, 18 391, 1111111111115 111111131
111111 agri, horti et stus. 5, 3. 181, 1111111338, 8. 1111811111111111)
15. 198, 8. 368, 14. 866, 80. 886, quse 111 per usturam 1111161111- -
84. 488, 6. animarum 11111101 1111111 currit 1111111111 484, 5.
9, 154, christi 188, 11. amici 11 111 sursunt meritis 11111111111111

11111111 11111111 108, 8. 11110, 018, 38. 11 spumat fiunis 1111111

11116. 1111111111 lubris 0 9,138. r
uulturs: 1111111111 111111 culturis 818, uota turrebtt ltbor C Ι 14188
1. cf. 485, 9. 441, 11. 11111111- 111111111111111111111101981
1111181,1.1.188,16. 1. 1111111111 curriculum eiusdem 1111 851, 81.
848111 ,10. 23815, 486,13, 111111111111111388, 18
(111 188, 8. 111111111111 430, 18. cursitare 363, 6 0181, 85
ef. 436, 5. 418, 89. magnorum 1111111 auorum quem sublimarunt
1111111 196, 14 814, 18. 1698. 199,11. 381, 18
cultus: 1111111 numerum 1111111111
11111 0 Π 48, 8. 111111111111111
11, 5, 111111,1,111111111114, Daedala 11 111, 11. 111, 11, pro-
88. 850, 6. cf. 481, 81. fanorum 1111169,1.480,8
1111111881, 5 Ι ⁶ 1111111481,Ιῆ
0181188181, ’1ῗ“’11ῗι181ωᾞῖ guuffi hffsssi‘usffisffii. 1981118118818
1111111848, 6. quse tibi 1111 gistis 1111111111 105, 20. 111111 804, 80,
111 sudore cesserunt 869, 4. boni 11111 896, 81. 0 11 42, 4
1911111111 119011 1111: 1111111811 ΜΝ
1111111111111111111111111111101, dare: 111111 111111 bonorum actuum
11861111 postquam 11111 ortis obsidum 11111 dedistis 148, 2. cf.
11161111 11111101 1111111111881, 18 0 Π 84, 1. 11 85, 1. 11 99, 1. -
1111 ut· dum exspectas: 1111111111 dutus (t. . 1111111111) cum ists.
recenset 111111 11111, et scriptoris 22, 20. th, 16. 308, 81. 418, 83.
5111 mensuit ,20. ss. 121, 20. 501, 3. 522. l. 019, 115, 11-
866, 85. 488, 8 499, 8. 011 184, 8. 11111111101111,10.

 

