668 11111

81511 uentorum 888, 14. 418, 16 162, 8. 184, 21. 188, 2. mut. 01
flumina lubrios uulgi 0 II 81, 8 1, 24. pros loribus 405, 23
lismmoo irsrum 0 Π 43, 3. 111- formato. exemplumz expugnat osri-

111111 81111111 suspirant pectora 111111 qui iormsm ministrat officii

0 11 103, 6 , 205,1. ooustsutis forms sapientise
llsmmigor 0 1 1, 8. 11 84, 4 408, 21. quusi 11111 osus (1111111111
flotus 1111161464, 11, 1111111111- tuis formum praestiterit 488, 8.

ouum 858, 6, odolsmsutium ,8 forms 1141111111οΠ18,1. Π81.
8111111111111 349,3 4. of. 44, 6. 108, 4. 101, 8. 114,
8111811111511804, 16 22. 120, 21. 184,1. 200, 1. tol.
81111111111111811111836, 9 6. 241, 28. 840, 16. 848, 11. 316,
81111111111014, 105 12. 408,1. 488, 4. 528, 12. 01
8111111111 424, 25 18, 22. -11111111 laborum uel lor-
8111111151111128,8 mos oloqui 858, 28 indulgentior
flosculus imperii 264, 18, 11111885, spsoios sut formos 1111111318

1. of. 862, 13. 882, 25. 446, 4 ,12

458, ll iormstio diadematis 404, 21
fluentum 15,1.10. 46, 22. 4815. formstos 1111111111οΠ150,6

131, 21. 111, 23. 218, 22. 418, 4. 8111111885, 5

421, 24. 462, 2. 011, 8. 1112, 111111111111111111111111884,1

l. 811111 alloquii 6,16. 22, 24, 11111111111826,1

donorum 80, 6 lomiostio 258, 11. 811, 18. 402,1.
fluore: fluxorunt 1111111111 liuguss 441, 10

011181. (111111 111111111 llu- fortassis 850, 18

xit 101, 8. 111, 24. moribus hoo tortuosorum

8111111. 1111111111) οΠ111, 12 111111 11111 011 2, 8 f. 11118111
fluitant 11111 0 14, 88 451, 20. 1. studium 454, 1. -11-
81111111 ooolorum 38, 6. 301, 1, liu· 5111111111111811110 Ι 8, 166

, 31111113524811408, 16) fossor 804, 4

8111111 polsgos 01 1, 81 1111 oouisbulstiouis 11111111 12211
81111111111111011 112, 1 of. 15, 2. 81, 15. 152, 16. 1. 111
fluxu diffuso succendero psotors 0 I sionis 416, 18. f. benigno 11111111
5, 8 1111111110 1 4, 88. trosellum oo-
fluxus: fluxos 1111111 324, 18. 442, spitum 1111 adtolle 448, 22
14. 1111111316, 8. ΟΠ 88,4 11111111 monus 884, 21. sturton
fodore 11111111 1111111511 143, 15. proesllsrum (12111111 111111) 425,
448, 2, 1111111111 1111111118, 1 14
1111111111 s'. ,8111 22,1. 82, 20. fragilis suimo 82,8
108151 ,11 fragilius 11. 1151618111 85, 14.
1111111. ,11111161 24, 18. 84,·20. 188, 2 238, 24. 881, 23
86, 6. 11 , 13.111,5.111,1.461,11 lrsgmsuto gutturis 888, 25
{omos tyrsuni 268, 5. luoom 11111111 {rugosum 11111111 assumebatur.
sui metitus 111 88216. i. boui loud. Stil. 11 881 (os. 11111111
18111111181111111 ..⁸1⁰llli.l.f⁰1‘·11'‘t⁶i⁸⁰²2¹'
gosoit 425, 1. Prsosogmius poro 11111811111111.11111122,5.144.26.
gnurs 111111111 1111111111 521, 14. 168, 8. 205, 18

of. 42, 25 1111111 oymbsm sormouum 1, 5. 11·

11111111 sudoris 5, 2, 111 11 818, 11. 500, 4. 1111111 glsoio 8111111 38
851, 12, noooudi 848, 43. 418, 20, 21
studiorum 428, 21. - lomento do· 11111 riporum 58, 8. 1111111. 450,
lorum 40, 10. 454, 8 28 riporum 11111111111111111111
1111 11111111 88, 13, 111111 0 1 11, 11111111 0 11111, 1. iosus 1111111
28.11.1ἦ)1111111111110120,18 884, 20. irsoum 1111111 81312ίί

loris: iu fon us (11111111) 1111111- 111111 inpouoro 88, 15. ool, 8·
ouis 401, 20. os. 68, 5. 188, 18. glsoislos 81118685

 

