uerborum 81 1888118188. 685

858, 8. 851, 87. 1801818 8188188-
eepernm 48, 28

praecipitium 181888 418, 6

’“ 2478, 16. 88188 posen-e 823, 81888188881188881818 8812. 18283.
4 884 11. ff& emim W

14

8888818881, 84 118, 18 118, 8 pacemne

8888881818 482, 11

neeegneeeere 151, 88

- 881818111311111 O 11 80, ,1 (petet gneeerdiernn 818818 188, 10
18111 11881 1818 ww?
11141,1oeepgeeron’143,1 1888888.. eie ..888888 m

888888. 1818 ,8811811818

wemma ι. eene,

mo·

1. mnndi 188188 840, 5. 88188- pantapte,
118188 85, . potentissimus demi· preedietue (1. 8. enine mentio 18818

Ροᾚᾷιξξωάἱ 4481188181188
1188888881

1181Π81ῗ31818849189] 111, 131861
18. 188, 81. 888, 8

8188111888 888, 8

1818 188188 18 potestne pependit pmgrnnue 154, 22. 186, 6

81118818 482, 18

potiones 18881188 470, 88
881181181811181, 188181 145, 8.
111, 11 8111118ἓ8111514818ῗ81
282, 28. 888, 10. 881, 14 888, 80.
888, 81415, 80. 474, 28. 477 12.
11 ’· 1181818111
&iffi 1. q. 8181181118 148, 16.

{mmdunff 101,ὃ 8, minutionem

28514. 188 mentun 8888188
8, 7.18,8 1615 87, 7. 18. 65,
24. 83. 8. 87, 11. 87. 18. 85,14.
111, 84. 118, 24 186, 26. 187, 1.
141, 24. 142, 15. 14514. 146, 16.
187, 7. 824, 88 248. 10. 288, 14
808, 8. 804, 14. 807, 26. 812, 16
380, 5. 456, 4 uid. e. 18818118

88, 16. 857, 11. 844, 15. i. ὅ. 1118818118 ι’. p. initium 1 , 86. ef.

8118811881 880, 21. 842, 1.
88118184. q.
185, 3. 164, 8011 88, 2. 18.
amplius 178, 1811181108 qnenn petius
1181818188, qm 8818188 8881188
1188881111,Ι 18 18181881 81883818 181,
norem (8.888818 1881818111, mee
ferte 881181 == magne 8818 peeeednt

ie 117, 25. 128, 8.

188, 5

praeferre 818 466, 8. 8818181188ομι8

1818 187, 21. 154, 80. 186, 26. 185,
11 (eleni 881818888881881818 uel
salutationem 1118818188). qnod 188-
81. 8188888
-· 18188188 pn'neepe 378, 8.

11 (e‘. . 8111 inei 888) 268, 8

condem 8811811 881, 815. 88881118) preeflgnme 18. 25

8132188588 anteponere 405, 28

8188388118870, 5
praefiniti termini 70, 17. ef. 580, 8

praebere benignam 8881818811881 466, 81881118 81818118 1181111188 diepen-

,3188818888 811, 18. cs. 188, 8

88118 488, 20

praefulgidus 866, 15. O I 18, 6

8188808181 8181181 meri 286, 8. 818818018818 881811 50, 8, diligentiae

478, 16. 1181111818 praeemit 81188118
prffi'eeflentinimua 181865, 88
8188881881 70, 19. 188181 25818.
11118Ιὲ88158 288, 17. 310, 8. 480, 14
praeceptor 880, 24
8188888881 684 184, 8. 2118744126
8188818818 8 8 aliquid ll, 15. 58. 11.

225, 17

praeiudicium 1888188 8818111 80, 80.

181, 16. 1885. 408, 28 408, 6.

¹¹⁰ 8811888111 1818

111.. 81234188Ξ811818 8881881188 8ιῖ
18 ,

81118 abitur dieendi 8808 125, 6, 11188

188, 6

66, 28. 1 ,18. 247, 28. 857, 8. 8188181181οΠ 111,5

 

