638

, 193016166661116 6011111401,
70. in 6611616 606666 sublimi 317,
14. operatio 60611 muneri 430, 5.
mihi 606661 14017606666 66111-
166661600,13.00.09,15105,
6141663624 1060161117. 044,

6016166· 6161161166161659, 1. 6611-
tem pti desiderantur 6016166 7614
61 6161111161 de 6116 80,11.
100,16.100,,151116.181,3.-
1. ,6161160060436604161

6016611616. 66610, 10. 34, 0. 34,
Ξὲ406013710161ωο04006

6116611666 6601611160166 661616 401, 0

6111661661. q. 661161 666016161 16166
1227‘717‘· 1311710011

6 6
66161166 6661661633 4 660666
6111116111 6666161 (16. 5661116116)
64,01-1.6.6616,1 studium 17 00.
00, 03. 76,q 0 30, 14 40, 05. 43,

46, 10 ,10.1564. 6618.

00. 64, 711. 88, 0. 07, 5. 060,

77. 1061010904017, 17.

04. 387,1. 308, 4 50615
01145, 14. 11107, 061666661-
61111 6666166 6616666 enbieetnm 76,
0061660116 salutationis effectum
reddere 110, 5

adferre (1. 666116) 11161616 omnen
50065661161166166666 66666-
(1666166616616116 1616161666
per 166 semol 16 016 reficiendi
tempne 60161161 343, 3

6116616116 6666 61666661 0461.
16666 66 6061 661066 16161 epini-
6616 616666161330, 4

6061661666616616111914 17617

606166166061111 6166 pretium
16166611 0 11 46, 3ο- 6031616166
&winter 37614 6061666166

6066666611 26166611116 6166611 00, 0,
one

60116616· 61 6111661111 effluerem 390,
666 66661611 6166666166 6666666116

166161666166166 uirum 66661
66666116 6061611161 (16616601-
6616166 166) 9,17. 6661166116
61111666061601 6616111616 465,17.
6116166666 est 11161616 360, 6

6016616166166661166116616611166101,

13
6,1
107,
380,

· ο Index

8, 1611616116 440, 0. indumentum
60166161 6616611 0601 mendaciis
6016616666 66116 316, 1
1111666161 661 6011661 1161166 16616
1111111011111001131
504, 5 6016661 611661 66166616
61116 damnare 30513
60166161()66666)661666 6601161 666-
6166161 60661160111ἋΙ3. res
stimulis 6166116 606616 40611
adtamen 6661166661116616161111116·
610116 Ιο1,.160661666,.,.6600
74, 10. 101, 74. 136, 44363616
61366666 156, 6. 6511166661 451,
543616661661160140166·
1616 41, 05. artem 10614
,8 0604. hiup 16166 4405
1166010713 011117, 5 6661616

,1.61661601601. 666166116376

00.6611610,6,,.,103733019.
coepte 068, 14. 6661666 43610.
6616166 011617. 66666161.
6116161661 364, 4 (ef. 01660.
668111 10414. ⁰444, 111111534Γ 01
1, 00. 491, 0106616 4517
0166116654, 00. 171, 00. 0161661
5ἀοοᾞιῗο11053ῃο40023οὼ05,
6011, 40. 061656,.10 174,.11
47415 0110, 15. 061616 011,
41. 6066661616 75 00. 61161608, 13
41, 11. 5161019. 66616115,
6161 6116
134. 16616 073, 6 1611110113,
17. 11364 1611611619510 501,
6161616019106611606411.
41517 gelidum profundum (1
1161116) 0161. ineertnm167,14.
03614. 437,18. anxium 1116611616
1041813600161 16661166
0405 incerte 47,1. 77,10. 119,
00.104,0..4408 ’4567636 161616
416,101616661660,7.036,13504,
0. 1116666069611666666110, 01.
impe 1616 106, 7l. 16661116 107, 01.
. 161611666116830 1611111616 0417.
intermisse 458, 71. 1616166 40114.
0103031111οω
063, 00. 011, 03. 16666 0516.
397, 01. 4110. 16616 010, 50.
1161616016, 35. 1661670, 040
11,41.166116606 4311616616

 

