718 11161

nimius 661116 16, 1, nli 11111 66, nimi) 111166 profatum 166, 9
tes. 91, 22. 93,1. 136, ,2321 uirgimlis solutio 266, 12
nicatius 1616616111 349,1. 43314. uirgineas G 11 82, 2
111ῗί2626 (61. praefectum) dignita 111ςὲ11116116611ἰ11ἐ116, 26

utlaii) 111 611116116116 iiiussoefflmu ᾗ
quid attonuit 1166111111 1166 611· uirtus 1611166 lunum 26, 21. res
1166 1 endum 1111161111 111616 pro 1616161116 1611111616 accipiunt
1161611131 li. 1666611166 1166 uirtutem 331, 16
16161116166116121, 11. 11 uitem 111661616111014,14, 1661111116
praesentiae formato alloquio 216, 11 10,6, 1191, l, 61161111 13, 6
16114101611. 111161 q. 1166166 14, 16. 491, 11.

uicissitudinem ’ ,1161)61161116 1 . 1116661116 121, 23. 121, 16.
161111161619, ilo. 206, 24. 6116 1 914012 1611122114
11111111111111111 ..iiiimxiiii
11. 111161161616611111161166111616 16111116 30, 21. 221, 14 360, 3.
204, 16. cf. 169, 20. 190, 10. 266, 330,6
20. 364, 3. 311, 20. 466, 14 1166161316, 3. 316, 25. 319, 19

uictricia 6311116264, 1 uisus C I 9, 16. II 49, 1

uidero quid 6611611611616 1166 11161111611161116,16.1116116661116

6611161116 16161661, 111611116ρί- 363, 21. 111116 11111 0121, 22

1111111,611411616161161116111166 111616 bustum 01114. uitulo
11611611161116116111(1.6.11611- honorum 6666161 10, 16. 11. 40,
11111111111131111 1111111ς111111
caritati 1116161661116 16116ῗ mon· 111661161116614, 10

strat 111161 61 111111θὶ161636111 1111161 C 11 46, 8. 11 139, 1

11161116112,10,6Ῑ.1 20142, 111161 161166 011 19, 6. os. Π 66,
16. 230, 19. 401, 13. 460, 10 2., 1111616 11611166 O 1 3, 39
niduari 161166 446, 6, 6111611616 366, 11161 112, 14. 492, 26. C 11 99, 2.
20. uiduata (66. mariti) 66166 O 11 II 101, 6
6, 6 uiuere ndrogtntite 266, 13
11 or (1166111 21, 23, animuum 206, 1111116616 249, 22. 401, 20. C 11, 16
, malorum 223, 6. 11. 116, 1. 111,10.11 20, 2. 11 36,2
233, 16. 246, 1. 262, 16. 211, 1. uix 661 ut 24, 6. 64, 22. 140, 3. 331,
306, 3. 400, 6. 416, 12 20. 361, 6
2⁰· ‘2⁵2 ¹· 1111111.. 1. ..
uilitas 261, 16. 261, 21. 329, 20 ultimo (161116 (1 ‚sepultat 419.
uiliter (1 e. 6116 6116) 1611111166 22. -1111116 tei, 6. 491, 21
528, 26 1161611111111111661611161636,16,
1111161616116 202, 23 616 144, l. 236, 16. 261, 16
uincere 6666116110 19, 61. redditu 31 , 24. 423, 12, trudere 60, 11.
&a Ι1126111ἑ61 1116 uincit 1116 boati ἷιέδ praedictae 111116 pesona 42,
1116161161 inrumpere 13, 6 umbraculum 616111162611161611111
uiolentia (1 q. 116) supplicationis 161111 (16161601 10, 11
369, 4 unanimitas 69, 9. 92, 24
11161616 O II 11, 9 111166 6611111111 359, 11
1111611111 36, 14, 299, 4. 316, 10. 1166116616116166 (1 1 6,1
3221 11161 16 uersibus, 1146 (11. (16
uir dei 339, 26 uibus) tibi portentum illud dixit
uirago 0111. 31 219, 19. nemo 11161111 11161116
1116616 461, 21. C Π 44, 1 hbent 63661111 260, 3. 161 611
uirens lingua C 1 15, 16 1116 161116 gleba 16116161 11123.

 

