Π INDEX NOMINVM ΕΤ RERVM.

01111101.11010001,10 4449
0111011101 39,18

0010100 (031 31000300 000100οΜ0303-
311113 3111 1113111

⁴²&ssle 1111. 501, 13. 502, 8
Δ1113110131 031010313010113
11. 240, 2. 256,2'. a 3310111111πο000-
001001 110, 12, 0000000 presbyter
113 13131 3333303311 111311
01 10111110 ’1100011100 00 03110
epmpmfflmwmffleffl
nmmmmuwffimffl
000000010010311111,49
100000010 3001οΠ31111111013010101
125, 10101000οο100 31, 8
00300010 3010301462, 15. 111181
Aemiliae 0101000111 380( 14
111111111106
000101 11 11, 39

00000111 meleteniae 00101, femine
00111111 222, 12. 15 1001101 relicto
00111101 10110110 10 foedere 00
Πιοιῇ01ἰ120)222,16.( (1000100101.
0310100031 10 (01111001 0 ’21011-
..1111101 ⁵⁴· 1⁸
1100011001

0 ’000 3611. (3100100100 urbi, eon·
8011110. 5111 2310 101,2 110, 10.

mpmw‚ssffiffil
00111 241, 2 nnete 01001 00 ne
2141710 5241, ,6. appellatur magnitudo
ellus( nnius 0211000100. Vnr.
15) 1011111000, 18412
135,.2122,.26,218,.11242,4
1003013100 1110111011 consistam
111,251242,13,0111011111011(111
101. locuples c'11 102,11. 033.
magnitudo 134, 1318314311
000010 242, 21, 3001001001 242, 10,
0001100Ιο01οΜ 01 0111922110-
3021331, 1101311333
mmmpmmfflffiffi
4. 242, 14. 0111011010 11000010 prn-
0110101211, 3. 213, 24. ΟΠ109
03001101 (sartam 11011 idem) 00
333333311333103113
11011111 121, ,1, ,
Alamanniae generalitas inter 1001100
terminon 1001010 281, 4
Albinus( (eone 1423 01. 110001 10001.
11111110 1140118412. 1562. 011
inlustris 00 petricius 65,2,011-
301300115,001311001100116.033.
Ι1003010000 64, 20 01 3000 mortem
1100030 1010 menen 00001010 G

010019310300150 00111110 1100001111

0111111011, ''

Alexander ’Pelleene 1100030 282, 11.
316, 24. ,’001100 euoluit 11110111

111,23146,.,4.22612. 0110101 28223

000100 100110111οο0,

14. 101, ..110 12.146,14.22
22611, enimn 110, 20. 146, 22.
3011010100000100. 2011000111ιο
3110011001 3000610023, 1403. ,101,
00 neruum 110100110οη 01000-

mittit 414, 12

01100 0110001110 91, 1228, 16 n
003010,οᾰ0985 nobilitas 939&

0100.35,.16 369,3,11111100000351,
3110110100 111, 18. Alpium 1030
262, 15 01310110 001010 35, 20

0101011011 presbyter 0000111130 21,
2031000110000 23, 1

 

