uerborum 0110001100010.

&1³7⁰ 1001 0110110101 0000110111

occursio 146, 14

00001101 multiplico 391, 12

sfflwfficffi⁴

offensa 110, 10111, 111.

01301001 0101160011 30, 21, 11110-
11100, 1011110011 31, 420941,
...0111110101
130011 mo 1010100 officio 01111111

, 11. 011011 01111101 101001·
00101 346, 15

0100041600124382 466, 16. Olympi-

onfiursssressreuersntiso 110100 0111111

0110001110οΜ (10101 deos 101-
ms 000 omisit 211, lgm

omnigenos 532, 16
omnis ι’. q. 10101 0 I 5, 34. 00010-
011101 0010 01001 salebrosos 000-
0101001 341, 11
0102005000ἓοᾁέ,611 129,Ιο 184,18.
110111116111111111119, 2. 00011110
1111101 0111101268, 20
3111111Ψοξῖξηῖ 11, 11. 100, sas
00111101 01011 301, 18 411, 24
1111811111 0111111001 190, 15
0011010101 146, 22, 1110111234, 10.
00). 24οἒ 0504330420. 416, 12. 432,
1111111111( ἲ11111111 358, 25
001010 i. .foms, 10111 2 1. 43,
001010001
33310131
388, 24. 401, 20. 409. 13. 414, 8.

689

0011311110οι 398, 24
orso 11110111 01 8, 23
003000δῶ001 pruinoso 010110
propri Ι1100 0010010010 1010111 65, 21
01111 10. 01οΠ 1121.-
slos 10 0111 (1.1. 10 opums in
orbis 10101101 00001111) constitit
011 134, 5-10. orbis 111·
11100019,89.11,26
orbito (solis) 0 11 128, 5
01410111 86,19. 165, 16. 219, 16.
effi& 83, 24. 81, 1. 251, 12. 218,
14. 841, 12. 313, 14. 311, 21. 862,
0111101111(οξ 11110101 0 Π 80, 4
ordo 10. (11001111 101, 21. 1031-
001. 499, 24. 011 proditionis 1011
01010110 391, ι
0163011131 111 “¹¹³
0111011111 0001011110 441, 9
011 “ orius 192, 21. 243, 1. 251, 18
5, 6. 340,1. 366, 19. 431,Ιο
439. 11. 451, 24 465, 14
01101011 sudorem in ipso 10011 1101101
1011111100
00161121011111101. 4197111 211. oriundo
Ticinonsis indigcas 332, 18
0111101010 441, 9. 481, 9. 490, 15
1111111118 01811025532413251) 1300110011
0111110171 uendi 189, 16, 11111111
00001019331001499. 11
0010100 o) 011 111.

113, 0. 101, os. 1412441016. Pabulum 11001 17, 4, 1010000

502, 6. 521, 3. 505, 601. 10. 010-
1001111 0100111010 111011 001010
0110010111 211, 10

oppeteret .mori 280, l

oppositio 1 , 11

oppressorum turbs 358, 20

oppressor 416, 11

0000ηο01111 domestici 0111110111 81,1

oppugnator 361, 9

001101 10111110 contro desidetis 00-

1011111101 (ι’. 1. 01101110· 110111000-
stitus) 61,16

VI.

120, 5, occasionis 264, 22
0101010110 316, 24
011011111010311 102, 14. 342, 3. 442,8 0

11111111 ,1111111414οᾋ 01, 24

mm 53, 15. 68, 8. 81, 11. 82,
,ΜἈΜΜΜΠἉ
140, 22. 144, 11 160, 5. 2261.
281, 18, 242, 20. 245, 26. 250, 12
Palladium 100001 441, 11

44

 

