uerborum 66 1666616666. 101

25. 196,11. 2062 26614 20. 6611666 1666666616 6161 66116166
246,.20’302,.,20505561.1661166- 616611666666162962. 666
666’·1116666666 6666166 641, 6.- (116166) 6616161666 6616
6616666 6666161 6666666 66· 66161666 6166166116 6666166666 10,
11611616 661166 monuit 61166666 4(.116’11 6. 6616)
266,6.61.6,131.411, 16. 661166666621828224116.
6616666 6666161’1616 1161661661 288, 21. 26. 291, 26 6-61661
666 16111 116166, 11166 6666666 6161111 661661 66666616 661616116
611, 4, 61. 311, 21.-616661 66 6661616 00 0ddi0000, 6166166666
666666 mihi 66116666 6666666611, 666116 1666 6116166 ’1166116 66161·
66666661 me 611 desiderii 666611 66666 208, pe11
61166666 66611616 6666166661 164, 6616666 pro 661666666 (1) (C 11, 16
24. 66666661166 616 6161666616616, 666161166616666616 66616101,
616666 66616 1666161666 16661611 24, 616666116166 50, 6
1....16 ...16611211
16 aperto 11666 6666616 superati 52, 2. 12, 22. 86, 16121, 3211,
118, 20. 61. 80, 11(666666-
6666666611..) 156,.191 ,16. 248,
2.,3116.656,20’.,38525’.,.4011 .
460, 1.16 666666-6666666 402,
2011111. 666661
6661666611 11666 nobilibus 66166166
..1122112122 23 41111
66666666 1. 66 84, 14.113‚22. 66111661 uod 1, 2. 67, 10. 84,
114,14. 161, 12. 156, 21 159, 8. 24. 119, ’12. 111,’6. 616, 16. 491,
28166, 131114 181, 9. 206,28.-1’1166666 6166666666 uo·
7. 209, 6. 221, 24. 263, ’10. 435, 6666162, 1516. 661666666666166
21. 486, 1 66611 66661661 (ι’. 0. 6666166 11-
666661616 ’60, 18 1666166)1166666616666666 161666
querulis 16661116 infundere 01 9, 94 66611111 10, 18. 1611666116 16616 66611
66116616611666666161616’1616 Ρ166666616’161661166666 perurunt
13015 (61. 1666. 1611. 166666 4411661. 126,1.40,16. 419,
6616.6..-424)661111161166.1 1611 26.’014,.-·16 1116666 6661126,
61, 616, 6616116166 6161 166 644, 11. 28, 2. 84, 6. 81, 26. 166, 16
6661. 256, 8. 261, 1. 06114,’ 1. 6661166 ’451, 16
1261 11¹3¹1.⁸³..1.1...10·013
ffliuffittsstessubssifflsfflssiffl: 11111661 111, 1. 114, 21. 661, 66
12 161661 6616611161, 666666 6161 16111616 1616611616 31, 11. 102, 6, 66·
6666111166 666161 (16661611, 6611 66 6161616216, (161666 688, 24
265, 20 1166666 241,1’
1116612111611611 1111162626 262
99,8.11.11’6,11.150,16.164,.1 66161666611184,2.16’111611(1”.6.
186, 22. 201, 2. 261, ’16. 269, 6. 61161611) 6666666 1661666616 126,
252, 6. 295, ’1. 816, 19. 841, ’11. 11.' 16 11116616111116611166166 666·
612, 23. 124, 16 442, 6. 453, 16. 1666166 1611166 634, 18
459,26.,458’1.,.4891’491,.16’1.- 1166666616 81,9.112,12. 119,26.
616 666 11661 661666 1666166611 6616, 122, 24 (616111616611666116616)
’,66666666 1166611166 1631666166615, 1 . 19, 20. 116, 9
18.661611666611166666666166666,166661 144,11. 180, 19. 204, 1.
661606116661 (66) uocauit 111 00·
pulchro 211, 3. 61. 214, 14.- -6611 166616(1111611666616611111616111)11111·

 

