vauu

130, 14. 1642 01100110, 10,3 1100110010, 11, 1. 15, 12.
18, 3 0110110101010, 16, 1410011000] 119110,22,201111101111011,
21, 14 0111001101111, 21, 20 elinantio, 28, 19 00110011οἀ0, 32,
23 10111011, 42,1. 421, 1611090101αο, 300, 2 1001111103,
1091110011, 221, 21 0611001100, 331201011110011111, 15. 20
1111110011, 16, 11 10110101 (L), 23, 1 00010010 (BL), 24, 2
11110111 (Β LV), 395,12110110110, 26, 22 0010111111, 31, 8 110111·
1011101, 43, 24 0111101111 (V), 62, 11 1111010110ον (BLTV),
131, 9 divinationis (BLV); 0 pro i:·4, 2. 18, 12 (Bw).
46, 21 9110001110, 9, 1 comessoribus, 9, 8 0111001001οη1, 12, l
Attcco, 29, 5 vicissitudo, 51, 2010011011, 81, 3 detenendos
BLTV, 138,4 1011001110(01.141,12,1110101111). 113,
13 rescindit (BL), 49, 22 1010001111 (1061101013). - in·
primis i pro 1 anto oc, sp, st, sc: 13815 opis, 421, 20
frotico, 18, 2. 119, 11. 12616. 334, 2. 345, 26. 451,11.
011 16, 1 indic, 369, 2 pontific, 535 simplic, 3959 011·
11013, 23 (BLV), 99, 12 (BLV). 111,19. 125, 10. 128, 15
(LTV), 391, 3 ciconiaco disperatio, 59, 16 dispectione, 89,
5. 104, 2. 112, 13. 251, 10. 406, 13. 412, 1111001101, 181,12.
448, 22 cicinnos, 128, 1. 145, 6. 166, 9. 16. 169, 18. 190, 22.
195,1811111111011, 151, 5. 198, 16 distiti, 116, 10 distinct,
399, 4 distitntns, 119, 11 0100111111οα, 420, 10 1110110111, Ι101, 14
1001011010, 1001310111010110, l, 4 (BLV). 528 (BL). 53, 20
(BL) 11. 1100116010, 314, 4 1110110101111110101100011111011101
BLV, 16, 1.,24, 528, 8. 89, 5. 100, 14. 121,1. 191, 12.
201, 1. 210, 2001000100, 44316100111111000, 0110011110-
quam frequentino quom in 1111101111ιί1 3219101411,
221 43, 1. 151, 18.· 192, 8. 196,,14. 221, 10. 222, 2. 225,
6. 20.. 229, 12. 22. 218, 22.⁴ 285, 2. 333, 21 11. 0001100010,
rarius odotioccrc, 394, 20 010001100043, 24. 216, 22. 246,

8 doctisono, 48, 18 00110011, 422, 1101111001, 381,,1 01011- ·

scot Β, 404, 24. 0145000100110, 220, 10 0000110101 (249,
11. 405, 15 00010101), 4, 14106, 26. 126, 19. 421, 3. 443,
15 00111111οο010,Ι 203, 5. 245, 13. Ι246, 24. 253, 19. 393,

22 0011οα111000, «465, 11 insonant. 35, 23 (1010011011, 44, 18
doniam (311111), 8325 (111),1101, 3 (811), 210, ,13 (Β
inv), 100, 11 (11111), 111, 11 (onon, 111, s 110, nn

 

