uerborum 61 locutionum. 681

16166161 16166116 9813. cf. 398,
1616661, 161, 1616611 1. 6,,,11ε16616666 6,-
labi 1. q. 163616 86, 7. 1166636166 66616366660117, 13
161 6166616 labitur 356, 14, lapsa 16666 obsequia 414, 15
61116 495, 39. 1661611. e. 66 quae 11111θωῦ11111 0 19, 13
1131‘2212‘ 2111 ‘1³³⁸ 9⁰¹ Β3331331113113131113
l' 38 ι 1 · 1 · 1 · 1 ·
laboriosus 661116 363, 5, sarculus 187, 37. 193, 9. 185,14300,18.
444,3 381, 7. 407, 9. 408, 15. 449,13.
labris 6161161616 6611666 C 19, 138 453, ll
166 3161166 367611 ι Latia ’166 373, 17
16661616 aedem 151. 6. 666) 011150‚3 1611111166 61361 indigenis 45, 13
16661116 0115. 1159, 1. lacerna 11101 luris 316 3
996666161661 6661166 16666 O Ι 1, {maffia 1311299, 99
1661166666 gaudium 50, 3 161166166 116661 3434 30
1661616 333, 3. 014, 911 125,2 laudator ,12 375, 19
1661666 6616166 364, 17. 10 thia 1611661116 4958
011 138, 4. 1. 661116 01 ,47 laudibus 1661661 61161363. 33
16666 341, 7 16616 636116 hortorum O 11 45, 1
1166616364, 18 16161 31666616 6616 011 41, 1.
1661166616 33, 7. 335, 13 lantum 16616 um 0 11 46, 3. 616
1616116434, 16 laxari 436, 31. animum 661116116-
166111616 66611316 (i. 6. 66661611 pedes 61616 661666 161616 49, 30. 61316,

’ de 3116611161336, 36 8. 661116116616616 quiete laxauit

16166616 1161661111616 363, 33 388, 17
lamina uerborum 377, 5. C I 9, 133 16166 16366 011 97,6
lampas 16116116 383, 34. cs. 0 1 1,2. lector 14, 3. 366, 3. 333, 35. 343,
11111111211111011 ..11131 {z 161, 1· ⁶³
166 61663. 663161616347,13. 397, legare: (1666 3111611 661 ,1166111166
21486’ 9. 6116611666 16631616 161, ggqgnztgoiomffisfflloqum 31611-
16 6 36 ,

languores 1. 99161116, 35. 394, 10 16361166 eui 66 plenam 1636116666 (1)

1661616 417 66111611 imber oculorum 115, 36.
lanx iudiciin19, 18. 38, 8 34, 1. 75, cf. 310. 33Ι Ι
16, 6163611 46, 18. 6616116 100, 5. 163616 1. q. ehgoro: 66 61616616 1631
6161616 666116 666 666 ι6 66 666 cn 81,4. 6616 ,36111166 6616 ¹⁰3
1111211111111211 11441 8414464 6464ἶ-41141441133141444134614841
3443484416464641411464ι 4363366433 9, 103. 1634163314ἧέ mors 16616611 400, 19
6333331311 *1⁸11- 111·11116318
6611, c. ‚ 661666Ι ⁹.
6316661111 116 41134οῗ1 31311
1 ⁹ 1 · 1 · 1 ”pu · 1 Ι ζ
161414146114114Ο 11414113661616 ,(1. 6. 66 quse 4413514464ᾚέ364141411144641461414 4433441364
6611361166611116361116 616661) 1161661,011185,9.16166196 1636
61111143134441448, 414,’ furor 6 1 4, 1114334134ἦῖ 3341344664, 1. 416,
98. 16661616 silua niret spoliis 01 . 19
1681316161616166 0 Π3 7. 161666 4143314144ι4ῗ44666814618616616161 illud uero
1666616 61611136 66666 0 Π 61, 3. 1116116661 6666 non 6161163341.

 

