oorborom 11 locutionum. 705

11511111 111111119510. 111111- 111111111,11111111“1.1111111319,
111115111996 14014,6.16, ..198511
3541514411 5551151510 121541112 1151111111 {¹2¹ 4¹ ω η πώ 4¹¹3
180, 91 111111 stridor 51151111) C Ι 13, 19.
11οὸ1011158,11111111111,99, 90. B. ogo 11110ωῶ0 1111101.. 96141, l quio·
rorom (1.1. 1111) 11111111 lupis 11411111 mormo¹5¹i5¹505ii 0491,ξο
11111, ,11, 1111 811.... 1 111
roscidus 40916. 0 ΙΙ 77, 3 boni 1111111151 5185401, (flstssssssffi
111111οΠ10,.,711449.11673 11,11136014
151111114151110111991190, κθ1111.11’)1111)11349,14
0,. 11000010 1119410 1111511011 ἄζῃ. 11111101, 9 1111111111 solo
rotat 1111 Africus 0 11 66, 4 11111511 uerborum olo 11 190, 9. 914,
rotundus 111115 0 Π 87, 9 90.375,11.11111511 115τί111111
η512110111594, 6 1111111 1111111936, 1
1151111. pudor 481, 8 111119199919
11111. 1115 11,· ...,.
111414 1111111111 99,15.(91)11)1)11111111)
ructatio 189, 18 1111111111 11111115101111111)
11111135, 90. 303, 93 aliquod signum 1111111511 997,
1181511151197991985, 19 1486 18
1181111111115111111 lin 1115989 salutaris 81118419, 11
mnodo? ,,101610810011111110031411112010 11180ἒῆ11111 ‹iiooro 17, 5 67, 90 ot
1111151711111511 15111111111411 481148ιὲ148εέ5 7, 49 8 89, 8 88, 9,
15555451ἥ323391111111111 18018. 45115 9191145 Μ’ Ἀ ¹6¹ ¹6
195111 8 906 5 9083.1111111111111111154811.51151111
453. 901. eloquium 8119 1151. 1111111111 11515111 90, 411
ἓζῃὲ951024 1107, ,18 11114111111111Ὓ11ὸ11111011939ὲ4, 91. 417, 13. 4981.
rusticitas 456, 90. 591, 19. 1111111111τί1 ualitudo 67,15. 199,
rutilato 99, 16. 119, 1. 979, 9. 976, 10111
18 01110,10.1111111111111436,90
111111111151,16. 90590. 49419.
S 1115511511124445511411111110 191, 91.
11111111211111111111 49, 9. 999, 188, 28 181, 10 19 239 8-
9. 305, 95. 956, 9 11111111111111111111)189,14 998,
111311ἔὲ111ἃ111413012215991,13.341, 14 ἓ. 333001. 345 96. 950, 19977,
sacerdotium 193, 15. 344, 91. 531, 1111111 uir. 1 femina 45, 3. 356, 4,
99 958,.,.’1903731934,19889.93.
sacrarium 1111181959,11,111)1111111 1111111411 ¹155, 99. 170, 19. 918,
3955 94.,.997931’ί.909,5,.8619
11111111111111 orbs 15817. 40891111111111111111111 389, 99. 1111111
9119959999 ¹ 1919121118 1991199πῖ4 ιῗ
saeculares 0101111111 10, 8. 1546, 47411 499, 8
971, 90 417.190,8.199,.4 1111311111 origo nobilio 96494.
ᾖ, {95322532325 970, 5. 396, 13. “gtgffirissuogm 9

VI. 45

 

