662

Index

40222111111111111111111111111 1121111161112141241813
314, 23. hebere 11 dueta (l. q. ,1111111111 1111111111 229. 2). 212,

(111111 hebere) 291,Ιο duetus 111-
luel (1111111111) 15, 8
dulcescere 160, 20. 463, 25. 502, 22

24

11111111. 11111111 13, 19. 11409,

042123

delee 111111 30, 10. 138, 24 (ef. 61, 1211111 ι’. q. 11111111 81, 1. 112, 19.
14). 61111(1.1.11111111111οέ 011 308, 24. 482, 20. 495, 2. 500,8

145,2. duleum 125,1. 408,
(1111111111 116, 15

officie, 01- 1111) unite 11

1111111111 128, 23

efflictim diligere 148. 3

(lum 11111111 inspersa 1111 111111 11111111111111111111 1111111 'bue
11111111 leel· ..11.
1111111111 111, 11

ο11ῗ111158ξ111111 re 111

11111 fertum 111111111111 11111-
111 1111 morte 11111111 uindicarent,
superauit 111111 memorie 1111111111,
<lum 1311111111. 219,16. 11212.
45, 1. 48, 24. 138, 18. 300, 20. 319,
11. 388, 12. 385, 6. 12. 394. 25.
436, 9. 481, 12. 490, 3. 0111, 39.
{glfflffiffmzlnewffi
cl'n 11, 1. el 11 1111 smum&
dunler 69, 25. 84, 9. 249, 14. 418, 3

Ebibere e q. 1111. 411, 14
11111111 ι’. q. uberlee: meroide perp
ffidgznelegsslenleeuedee seluemo 111-
111111 11111111 lente G 1 1, 44
1111111111 11 ungui· ebulliret 336, 20
1111111111·
1111111 .' 11) 11111111. odax
1114111111 1, 10, neglegentes 282,
111111111115, 20
edere petriam (i. ς. tradere) 503, 3
editio i. q. perlue 64, 6 ⁸
edm ἢ ,4421 15, errem el·
11111111 31, 16. 43, 6. 11. 111123.
38, 19. 1 11. 106. 4. 114. 1.
110, 1. 23. 1 1, 42 ele.
eleg) 11111361,19.4011,1.019,
11111111 198, 0. 223, 19. 336, 21.
1211111) 1221, 4. efferre 111111 111111
111111 mene 301, 8

13,12. 25. 432, ,44312
410, 8 411, 13. 416, 25. (114.

ώὲιῗςοὲῖὶίξ l213²) 11, 12. 351.
effusio 11111111. aene 111
10. 889, 1, 1111 361,] Ι(1011 eun
268, 2). effusio 1111111111 3249
1111111418, 10

1311111111 1111111111 21, 18. 4315.
98, 20. 210, 11

ἒξ 11111111111111111 C 1 19.
aelle 1111121. 1....
ἓξὲῒιεῃμηω 1111111111111111111
1111111111111111 213, 5

eletionem 1111111306, 9

electionis 111 334, 23. 1111111 een·
11111 445. 22

1111111 dei 99, 14

1111111111 ῗ113111111111111 1111111
1111111 1111111138, 24. per 11111 me·
1111113312111
21. 431, 22. 416, 11. C 1111
eliciti 1111 utili genio 69, 25. 88.
lufflzffllffio uires 1111111111
nen 11111111 504, 6 1118, 1ἰ5Χ
1111111111 1111 1111111111
11.111111111111111 11139220
1111111111. 11111, opleto: e' ’111 111
1112111111 ,11111111

 

