108

21111111* 6111 11111111
0 1’ 11, 31. 51511 imbre 555551 (5
5. salutifero) 0 Π 148, 1. sereni·
5555 5551155 886, 18. 55 5555515

, 5155551555 (ι’. 5. 55 551515 1155·

rorum) non timui 32, 8. 55555555

1555555 421, 2, examen 415, 9. 555

15555

5551155555155 οΠ100,8.
5112511118111811
1511ῧῇ 1111115118 11Ψῆ
218 tw. 69,8. 90, 24. 116,
22. 162, 19. 216, 1. 225, 24. 382,

5.888,22882,8.898,1.4.95,

sereni 55155515 0 Ῑ 15, 21. es. 50. 22

26. 0 11 90, 4. 11 101, 6. 5555555
55155155 109, 5. 5. 5115 180,16,
mene 144, 15. ef. 882, 5. 555551
55155 888, 15. 481, 28, eruli 421,
55121155 euspicio 555555515515 881, 21.
51. 351, 22. 5555 serendae 5555115
228, 18. 55515 55155 408, 5
55515515555551551) 5155555 5155551
5515111. q. epistula 5, 55. 5, 55. 55,
11·.1.1’.1.1;.1.1“1111
sermocinans 55115555 528, 14
serpentes 1151155515 55555 01111,
555151115111 0111511111556 ordinetis 1555-
5551555 440, 21. 1515 5555155 500,
22. cf. 819, 28. C 19, 102
55151115 551515115515188, 15. 140, 21.
148, 20. 158, 8 151, 23 nl.
eernitne salutationis 85, 5. ef. 258,
55111155 15 me obliuio 84, 21
555551 5555155515 261, 18. 011 128,
511125. metrum ‘ot’ 11, 21. 18, 4.
{11.1?·21⁹⁴..2.1.1.¹·.1..³”¹nt
9. 469, l. 508, 19. 5555 eet ei
51541111 11511555 anre 01 1, 21
515 optantis.- 555 55 petitionem 555555
negetur frustretur effectur: 515 eon·
5555555 meritis 5551515 155555 per
1555551515 rum 151555511515555115
114,1. 51011815. 195, 19. 214,
6. 12. 818, 1255511. quie
eierare 55555 829, 1. 55555515555151
g ἰ 111: ὲ58. 51555155 15515 bibens
515515 555115 respexi marmoris iren
{191 5,44. 515555 15. 5555155 410,
515555 551155151 55551 212, 21. cf.
ι0 14, 82 (Stet. 8115. 111 4, 96) Ι
5155555155 421, 8 .

5551155555 eibi 155155 5555551185,

attinent ..

significatio 5’. 5. indicium 5515151555
90, 16. 209, 20

51155 e'. 5. folin: 15555 per 55 5·
1555 5115555 perdere 51115 0 8,1

similitudo: 5555 55155555 555 tun
ffiieelgr 132 555555 quern 5155111-

5

515551555555 ingrati 68, 4. e. pungne·-
515515 284, 11. meletae-ede
fiete 5155515555 55555155 pertendi
5155155555 520, 16. 5555555511.
5. 15115555 exempla) 5155551 8, 8

simulato 1555 298, 11

51555515115555 88, 12

55458551356 208, 22. 214, 26. 289, 18.

nne 1551555 eq. 555555 len, 55
5155515515551511555 retentare 191,
9. 5155551155155 55111511555 555-
nenne 181, 8. 144, 28 18212.
5155 1555 5555515555 5555515155
18214. 488, 22. 5551555555 5155
1212013101‘112211· ‘¹³⁰⁹'
15515 460, 18. 480, 20. nomen 5155
155555555511011,85 bonne
55155555 5155 nube 555551551155
41, 22. 68, 14. 122, 20. 181, 8.
286, 10. 8886 eine nnnoeuiene
151 55 85, 22. 5115515515 5555515
818, 24. cf. 186, 5. 189, 22. 240,
ffiffissffifflfflffiffi
25 tet. 12. 448, 21. 454, 15. 414,
1501111219.

11351111115217, 515555) 22
555555 169,11. 288,

190,
855, 4. 418, 11. 485, 818

5155555 55555555 6 Π 44,
5155555 pree 515 1 , 1

9

351‘112
449, 22
1. 5155551

5551555155 15

 

