uerborum 44 locutionum. 639

(1114434334445. 'nidum
cll,3o.1ongelle,1.1on·
1441444 41414 mnenon 444,
21. magne 452, 3. 341, 23. C 114
2. 13411414 428 18. 31414134 418,
3. 3444444114118,2. 4114414412,
12. ο1111444102,15.199,22. 411-
44414 224, 21. 41444498, 16. optutu
48, 3. 13314 011 3, 8. 4143114
391, 17.!¹ perdite O 11 9, . 44441-
334 112, 5. 4144444314 1 , 13.
14444144 117, 11. 3444111114 528,
nililiss‘ieffiid 7⁰77.aess
epora 24, 3. 8. 130, 24 173, 7.
11144144322. purum O 11 101, 4.
quiete 37, 1. roei 34314 166, 3.
444331474,11.1 ,23. requeudu
86,9.96,8146,23.οΠ24,6.
41113444 182, 17. 4311113414 388, 20.
... 11
4 · 4 · ¹³
249,14.427,13.(116,36.11434-
4444 321, 3. 1143444144 338, 21.
uernum (1143144 44. 4144 13,
15. 4131144314 30, 23. 4111134487,
5. 4144114 380, 18. 468, 27
4114411444, eru 14444. eron. 44444 411-
rupte i7inerie 390, 16. 41114344
uirtutum 476, 23. ulte uieoerum
0111, 28. 414414 preeoordiorum
199, 10. 4131113331 3411314444
narrationis 17, 78. cf. 233, 11.
31111 31111601 3 t¹¹ 41
4 ·’ · 4
ffiffffrffiff'rssssj 1⁰71 41131453
4414414314 21, 18. 26, 23. 35, 6.
144414 1114414133 3519. 1. 441-
monum 314, 7. delenifica oonloquii
28, 4. 1431441 anguste 1411411443
8,12. 11441414 regionum 127, 9.
1311313 temporie 428, 22. dubie
4443343 479, 2. 131114 ualitudinis
414 lo
G 11 88, 10. 4144144 1314311313
398 23. 41441143414134341313118,
17. 11314411141133143114114221, 23.

8, 8. 1. deliberationis 402, 3. cf.
116, 3. 121, 4 190, 13. 297, 8.
451, 1. infime mirerorum 405, 22.
41111411311414
44144314 342, 11. 41468, 15. 471,
10. 1311114313 4444114501, 19. 31414-
43414 oonloquii 28, 3. 3143114414
41111 131, 7. 3444444414 sumptuum
760, 28. nubila 34414114 119,1.
n uitae ΟΠ 83, 5. 41144444 141-
144144 236, 16. 4144414 infideli-
44114 399, 14. o. 3431133131, 11.
1114444144 14444434 478, 5. 4144-

131144 surorum 387, 18. 505,12.

profunde fluminum 271, 17. repu-
53433434441441322. 4113344 14444-

1314 528, 7. 44414 3114411120,
24. 4444414 dolorum 361, 12. 44-
41414 1414311313 morborum 97, 16.

. os. 132. 58. 24. 111, 4.. 390, 13

395, 20. 389, 11. 4443314 deli·
4141313 271, 2. r. p 1114114
104114. rorone alloquii 13,13.
4. animi 174, 22. e. animorum
177, 4. 4. 44411364, 3. 41111-
gentiae 107, 7. 4. 144111144 169,
19. s. 44114 131, 10. r. 4144143334
450, 17. 4331314 141413 1334341334
310, 12. ef. 292, 6. 01135.
114343111444414114 76, 23. 11334-
4414 4343434433 25, 2. 327, 22.
turbidum 3434114119, 13. 34134
4444414114 licentiae 332, 6. uetita
legis 8,13. 3313414411134114 42,
3. of. Wiener Studien Π 236

4441444434 41444314ῑὶ13 4. 9„- 44141

17111141111311111
pute bemgm 258, 13. 402, 9. 4414-
144 34 14311144 restituet G 14, 102.
of. 7, 8. 99. 2. 20. 162, 20. 197,
3. 212, 20. 253, 5. 26117. 329,
9. 336, 21. 368, 14. 432, 24. 447,
9. 457, 3. 491, 21. 498, 10. 20.
017,7. 19162. Π13,4. 11
70, 1. 11 150, 3. 444. 4434114411
mundior 44144 Ο Π 81, 9. 41-
14414414 1411141 14434 C 14, 117.
blandior 41 1414434 moeror perducit
4114141 013, 17. os. 357, 131 0
111, 17. 1176, 3 rto.

i. ooneilii 499, 22. 1311141314 114- 4113343114 474, 6. 411334334344 284,

3413343 263, 112. 1344114 liquentie

24

elementi 1, 3. i. muudi 384, 1. 411414 i. ᾖ 3141441141 1413 ei 344114·

1. periculorum 32, 10. 1. 44344143

nerum 4144141411414 409, 13

 

