112

-1611111116166361320,11.16111·
6111611661 63, 16
’1666116666 1
101,.6 120, 26 1361 210,11.
233,16.13.·-1116’ 16161 6666
6611161161 30, 9. cs. 103, 1. 331,
13 331,10.420, 19
1611161161466, 11
661661 616 (3616663616) 61666 (1
1616111166 16111 6611161161.
266, 21. 361, 19. 313, 21 616 6161·
161116161111396,13. 16161111
11111 (111 ὶ1111111611 1111111661 effi
1611366116 16 oneri 211,14, querutum
61666111 submonebar 243, 3. eub-
meueo agrilggue 6161116111 66116-
661131111133,η 1. 114, 6. 126, 1 231,
22. 312, 16. 413,3. 43113. 414,
21. 434, 23. (31496 11111666
ἳῖῗΙῖἒῶῌ. οΠ12, 6. een
1616111611 uenenum 019 96
111ἓ316631611161116 61166611 33,
6611166111111111Ι 311121239, 15. 133, 26.
213, 11. 439, 24
1611111611 14, 16
subripere 616 subrepere eede‘eee fere
1116661 613. e. 6661666116

subripere. 6666161 161166 pretium
eubri puit 33, 1. ef. 19, 12. 9913
ΜΜΝΜ1ΜΜ6
661136 66111161 246, 21. 6663
6161 (16 effectione 6611661616 141,

10. cf. 333, 14 600, 14
1611661116 3611616111 1616611161 6616111
9311. 166161116161161166 161·
16166 1111116116, 161113611611, 161-
1611161116 1ὁέ 666611616, 6111 61, 19.
101, 6. 16 16.133,13.231,.3
490, 16. i. 6. 616616 266, 21. 411,
6611116111 eor 16111 69, 3 161, 2,
11. ,11111111
1666616666111631611161,14,6611·
1131
14,,33322. 4311,14410,3.,499

16361

236136
16166 ÷
341ἕέ ὲ6413, 11 414, 24 43611

subtilissimi 3166616666 316 10

16166111 66161166 33, 12 es 116, 5
6611166666·ῗέ
391, 6. 1611116166 armenie 616-
6166 31, 23 ef. 231, 21

cf. 6616661116μ’1.1.6611611166 rugae

subuertere 66111 414, 13 es. 361, 12

1666661611,3,1266111166124,
21. es. 1,.21 eueeeeeiouibue (1.

..6666161663
4. erigi 6611616 1666661161 66, 21
16, 26 122, 21. 66 6666661116
663 3631611 13316. 261, 24.
3, 3 360, 24. 363. 3. 361, 23.
31326 334, 2142316441, 13

66611366 1161616 11611666 366, 13
6619161361161166116661161
6616 616131161314, 5

166611ἑ1Ἥ66611 1666611161 tempore

16361111 per 16366 16111616 31, 15
34, 6. 296, 22. 3666663616
11'9,1 433, 23

11361161 1616111116 444, 20

1661666161 400, 20

6611166166 e. ,1611116116 6
13 32, 25.

gi} 3 436, 26 433, 13. 019,

1613666161 113, 9. 231, 11. 231, 1.

346, 6. 490, 33

16366166616611 exemplorum 300, 1

’363331 61166611

106,.34(10,1.31’6.6116116316,

9 391, 6. 401, 21

6 116116102216311201.
..303 22394, 21

6616113331

66 6616 66116166 C 1161, 6

sumere exordium 31, 10. 119, 6. 163,

3, originem 460, 6, ieet-eiiam 62,

 

