uerborum 1811118111111. 111

ubi (=qno) pro 11118 289,9 11181111 t . 111111 828, 21. 881,
18111111181124, 28 · 9. 898, 1290, 20. 0 1 18, 21
udo 1111111111 11811 1181111181111 1111118111 444, 28
111181 1111181811 19,18. cf. 441, 11111 eloquii 818, 1. 111 11181111
11. 1111 11111 111811 428,16. Sousia uepribus 1111111811 822,
1111 11188118 111111111111111, 19
22 1111 1111111111111 11111111 1111
11181811 0 11 128, 1 1181111 1111111118 0 ΙΙ 84, 8
8341184 fflffitfflmioefflg' 1²1⁷& 4 3321 4814948144
11111111 1118181811 0 88, 10 1111 1111111111 890, 28. (1111111 1111
111 = et 19, 9. 2811. 2812. 88, moi 86, 1 (1811118181 1111111111
18. 46, 14. 49, 10. 80, 14. 84, 18. 814‚4). 1111111-11181111181111
88, 1. 68, 2. 99, 18. 108, 8 111. 211, 211181. 1111
10. 111, 21. 125, 24. 18218 112, 1111111111118111811194, 28 1111111111
19.164,18114,14.118,22.188, (1111111111 11418) transcursio 219,
28. 240, 8. 880, 26. 11111 scripsi 20
geminis stimulis 111181811111111- uerendus 884, 12. 0 I 11, 28. 1 12,
1111811111 baiuli uel (1111111180, 11. 111, 16. 1181, 1
g. 1115111811118111111818 111- 1111111811 1131111111141419. 11.
titio uel modici augona 1111181111 4 ,8
superetur 111118 spondero 111111- 1111111286, 1. 888, 12. 416, 8. 418,
1111182111111111111111111) 841, 19. 424, 28. 488, 6. 488, 11. 01
11.1[.119.16.186,8.188,22.140, 8,10.19,14.110,821181,8.
2811824. 281. 11. 404, 8. 410, 1118111119
184161. 48411. 49218. uel 111111111131111111111284,19.11111·
11 188, 8. 41811. 490, 18. 804, 9. 11811 1111111 811111 C 11 98, 8
11 111 mentiri 11118 409 24 11111111.111411,11.1[.113,
uelamen 8810. 98,24.121,1.896,8 19. I 4, 81. 128 (cf. Woelfflini
111111111111118181889,10 quaest (11 latinitate 011111 111.
1111111111 1,2 p. 891), 1111111 1111811111 8222
1111 loquelae 48, 24. 8181 uotorum uerrere 1111 1118181101 11, 8
111111111111111 814, 28 1111111111 0 1 6, 86
uelut: 11 11118 fort. i. q. 11 11 0 Π 11111811 1111811111 ffl, 2
18,8 uertex 111111 0 14, 28
1111 81. 1111111 241, 12. 488, 8 11111111 4824
18018ῗέ111 11 8118182882)68
uenerabilis 18. 11. 11. 11. 11, 11. 1111181118 11, 41. 111, 11
128, 10. 111, 21. 819, 6. 111111- 18. 80018. 886, 26. 848, 16.
bilis actione 241, 24. 1. 111111 868, 4. 881, 19. 420, 10. 426, 21.
81, 16, nomen 110, 4, u. effigies 481, 8. 488, 2. 414, 18. 418, 6. 0
112, 19. cf. 186, 11. 216, 18 111111. 11111111 1111118111181-
11111111111 82, 28. 8811. 89, 28. git 182. 1. 1111181111 11. 11-
lffi, 8. 196, 18. 200, 9. 284, 8. 8111118111
241, 6. 400, 8. 421,10. 42412. 111818111111111 1111111012141,
484, 18. 441, 11. 418, 2 4 416, 1111111111142111. 118111111-
12. 480, 24. 0 I 9, 86 18111411, 10
1111111811· 16, 16 111811111111 01 14, 19
ueneratio 81. 11111111111119488 notamen 89, 4. 44,14. 18, 6 18,
11111181168,24,13,11.86,12 . 8. 288, 11. 411, 22
111811111 1111818111112,18, 011811· 11811111 218, 8. 410, 12. 0 I 18, 9.
1111 201,11. 2681. 1811111111 11811111111101119,8
1 'tionibus 1118111811 90,11 111111811111011106, 2
1118ο 811 multi 1111111111811111 20, uiaticum 11, 28 889, 9. mit
ᾖ. 11. 828, 14 11111 0 1 1, 28

 

