nominum 51 15155. 627

Μοέῐὶοιέὠῗό, 9 (11. 0515. 15551. 1 01151155555503155551155145111152
1
55555115555151155 11555 3828 01η11111ω36,’26 11. 42, 24 48,10. 52,
392, 8, 1111555155393, 1 ,1555155551115155551111111551
1155155115 120,13 (555111551221. 188 49,115.
5515551’55310,22 5361501815151511155
11115511. ι.. 5... 51 10 191211111711919199:
0, 1. 019, 31, 1515515313, 23. 51115553, 18. (15.5 magnitudo 49,
115 55 dux 33311 3. 53, 3. 54, 10, sublimitas 5413
115551551515151 ’155515115150155 5125555511551 0555151 151.1Π1
msgnzttfffflatmm'lgbwea) 011 05111533,24.1.1 125, 22. sublimis
48 555512555 511 111, 21.
115555 (5 11551155)243,18 55551515 3321126 3, 51191-
111150 1, 17 tudo 34, 11, 551555 31131) 51555-
11515515555155555551555155551332, 1511151511 1151555 1261455-
20. 551151552 158151 15 211155 1555151551
N 5151511515 3 1151
5151151 555155 5511515320. 0155155121
nobili 555515 51155 0 Ι 13, 7. 0155151 55111ἰοί55555 0155515 551155
1111151551 5511151οΙ 18, 23 551555 Ticinum 515555135519.
115 (Au ,1111155111 5555111551 555 515515121555511555 urbem extin-
Ε511551511555 351, 5. 1155 5111151356, 22
εἰς 5550101515ιῖε alaine& fiitti 351, 01Ξῃ1Ι (1151111οῶ έ1138 512115. h.
Νε151515155155ω5511οΠ51, 2 011555 339, 11. 25
1155151151 1551511555 441 8 0155551 11555155 015, 2
5141111111)111115551,1(5155 1111151555 511 ι55.
Niphates 019 63
11155131
11551155551115155551515155οΠ11 151111515555 194, 22
2551155515 55115555 430, 13 0 Π Padus 575155115115515151
110 11 25515155 5511555 01
5515155 15 551155515 555555115 5, .11155151155Ρ511015.Ρ511
3311 1111015111595015111111
05155151 5111151011, 49 83155111551540,18.οΠ111.
01555115 555115 01551551 551151555- 55515551 1515155 55115155 441, 20.
111118 1511111Ἓῶ111 πω ,24 3551511· 01151 511115· 346, 15
1111 2112131 12122 1112212, 1.
5555115155 25551155 1111515155 5515515 125,17.; 200, 12. 265, 21.
. ’1151555155 555555511353,11.555ι 0 11 32, 3
Theoderico 55555 55551 51 fluuium 2515115515 238, 21
(2551155 15551155) 211, 9. 51 25555515555511515 51151 2-
1515555 211, 2451. 01155111 r· 55551,18.109,7.138,10. ,8
155 5151511151 5551511555 21555151551115511 113, 18. 5155155 15·
0551213611 551515 55155555 511 188, 23. 5515115
51551155 0 11 33 55155 5511331. 1555511515
5155511515115 martyris 213, 4 (51. 13314 1155111115 115155 115151
25551151) 10915151. 1102022813)

403

 

