716 111101

111 111· r ¹ ²· ⁷· ⁵⁵· ⁵⁸
” · 1
111 0 Ι 9, 80 turb-ri possessione 311, 15
Ἓᾱπο periris mortalium 431, 1151115511ιέδί ἐξ εἰ :dm 3⁰15?ss
11111010(10.(1110)115011111,00001111, 01 11, 4. turbidus (opp. 0010111)
splendorem 1100. 5, 15 109, 13. 401, 19
114,11. 448,18. 454, 8. 451, 8. 111110 1110001110 361, 10. 101111111511
403, 14. 433, 19. C 11 88, 4 100- 1011111 11110111 0110111111 131, 1
fflmfioeffmgfflstgfim 10011111 1111 555 4418, 11. O 12, 9. 13, 2.
101011 11 111 , ‚
tribulatio 40, 9. 113, 8. 11813. 814, turicremas 411, 15
13. 411, 19 1111111011 019, 40
1111110131, 1301. 11111111 (1011 100111 1110 166, 4. 314. 11. 464, 4
111, 10. 144, 6. 384, 14. 1. 11011 typicus 3113533311.
10111 (15 155, 5
111111 411, 8 ·
88318368821'38812383 11. cf. 011, 11121Ῐὸ1 33 0100) beu· 11 μη.
. , . 001
0100010,10.101,0.01111,0 wionis 110, 10 marmora
triumphati 1111011 11111110 Π 95,9 0011100111 141, 8
triumphator 1110 0 1 8, 42 1010 ergo 1110010 04, 15. 380, 0. dicio
iriumphigor 0 Π 50, 1 11110 34010. 869, 1. 1110 01010
triumphus: 11011011 111 triumphus 01· 354, 11. -·· 1011 11101 11100 11101 0
111111111οι 100111ἒὲ1111, 8, murmur 01 argutas} 11101110111 11111111 313. 11
1, 61 11111100 (01111101 0001. Buri 4111011
“orimum 211, 1. 818, 8. 331, 12. in Pup. 811111 11101). p. 114) 1010-
11, 6. 316, 18. (tropheum 0063. 101 110010 0 11, 9. 11111100 00
irim 11111111111 50, 11, tremorum 1111111Ἓί fg'qffmim), 11111110 bom
110 10001101010 155, 11. 11 nodum 18, 3. 33, 13. 35, 1. 43, 19. 51,
truditur 101110 14, 9 11. 61, 15. 86, 0 1131.145,13
11111111001011011011111011, 51 164, 16. 161, 11. 186, 8. 1448
1111111101 1101101111 1, 6, 0011101111 146, 11. 211, 4. 10. uir: 1111·
0011013149 , tudinem 0100101111 10111011115,
tuba 01 111 444, 9 1. dum 01111 11 1011111110 011 30,
tumore 1011111100 I 4, 16 11. desperationis 0110011111 1110-
tumoris (1110111101 (de fluuio) 15, 9 puisse 1111101100 113, 10. uirili
1222.23f⁸‘.2.iiii¹, 1111111. r
haer tumulos (1.0. 1011011111 10011- 288, 16. 300, 1. 811, 13. 338, 8
011, moriem 11011 0 Π130,1. cf. 330, 10411, 11. 41415. 413, 13.
381, 1. 419, 8. 11 10, 0. 1121, 411, 11. 441, 13. 435, 11 431, 11.
1.1101,6 ¹ 494, 13. 011 107
1111111111 (i 0. congregotio 011000- 11 01111 0111111 0 11 56, 4, ribi 11
porum) 1110111 mundi 0 19, 51 3
tunc 0111 531, 1. 1110-1110011, 1101011101 1311013 0115135
11111001οᾳιο000 415, il, 11111110 mii?¹⁸ et mne? ‘mom m
I 0, 113, 011111 O 11 181, 2 uarietates 101101101111 419, 1
turba (i. q. multitudo) 1010101111 13, 111111111 portis 888, 3
5. premiorum 35413, 1111101111 11111 i. q. 0111100011 35331. 011,
301, 15, Auerni 0 1515. cs. 350, 10. I 12, 1. 1 18, ³0. 1 11, 5
11. 351, 21. 358, 10. 380, 9. 410, uber eloquii 21, 10 513, m

 

