uerborum 0110001100000.

10101 madentia· m, 1. rdigio
eonscientiae 61, 12. 126, 3. bonum
eonscientiae 96, 2 166, 12. 000100
0000101110 w, 23. 106, 8. 10010
00101010 1000010011οω 42, 11 06
61,·24, 681, 6 68019. 400,1.
00 0000100600 0001100 0001000010
201.01.205,8216,1441,8
0000001111 00000110 frondium
· 1001010 16 22
000001000100111 0000060 216, 5
00000110 0100 (i. 0 000 cognitum
1001000) 106, 24. 000101 00000110
’,1 11000000010001134, 3.
0061000140τίἱοίι 00010100 mm& 001οὣ0
10660160
1
mm 2 0600101010
0001001 0010ι ’100 100 101101 (106001
...2222222222222222
00 0000 00001 00000 00000001 241,
26. ef. 22, 20. 0100111010 000-011·
0001101, 00 00111110 6010100101, 00
10601 1000111000 peperisset 1000111000
01-001001101319, 2300.
consenescat 00116010 001 00010 110
. 220, 10 (0100011011 Vn. 25).
000101 00010110 eum 0001000110 011
001οο011010 rogo 0000000011 602,
22· mmm 22:
0000000101 016010 665, 21 0016. 01.
00000οο10 .
0000001010 129,8
000010000110 uirium 46, 12, 0101 14,
2. 225, 20, 000111 124, 8. 324, 1.
ἐς. 126, 16. 169, 21. 148, 16. 243,

00001110 1100011010 frondium 10000
833, 9. 00001100 (000 01100 Hm)
arbustis 001100 386, . 1110000110
0100110000010 0000110 629, 8 .

1166111· 1666111166

ωιῗιῗοῖὴέἱέἐ 1. 161. 242, 24 616,

· consolatoria 000100 38,3

00000000110 001000110110 425, 24

1011110111 ²³
ἒξ. 0111610016 {332

666

0000001100 101, 2. 0000010 01011660,
¹¹ 2222 001 222
010010 0000010 0611001 60100010-
101110 O 14, 26

01000110110100010 00010100 46, 5

onustare 1. 0. 00001 ,0011010 10000101
apud 0000 101 00001010 mla-
01100311, 6.·00000100010001
00110000 10001010 00001000 uir·
10100 668, 22. 659,Ιο 0101000

'ww 0001110 408, 4 cf. 646.
. ¹211.(11110,12.11110,4
- doctis 0000101 6000 (110010 100·
110 0 1 066-00116010 00000111
error (de 1010110110) cl 1, 66.
3100111010 0000101 010011104619.
6110110000 du 10110 0000100610
000 10010100 226, 16. 001 00100
0000011111 0000000 0 Π 106. 8.
uiduata 1111 00001161 00100 O 11
5,5cf.182,25.01155,1.1156,4
0161100000 domum 0000100110 (i. e.
0100)0101110101(101001016,24,
fugit 01 000110 0000010011οω0010
1001000011, 19

000011101οε (ε 010) 10 longinquo 161,
12, in 00100 155, 4, 10 011010 00-
ximo 128,16, 10 00100000 14014.
01463 61έ32047ἓ8ὶὲο 126, 1. 111, 8.

0001οΞ1111351ὶ10017200,25. 22119. 266,

0000110010 0010 deeora 441, 3

0000010101. 0. 0000010110 11001 101-
1ἰο000 0110100 001000 0000010010 423,

οοὲςίωιὶέιὲπίὲ) 21215. 64615. 385,

consummatus 406, 5. 461, 18

00ξὲἓῇῑῖιῖοἪ 1106116111

contagium 321, 3. 322, 6. 420, 4

0001010100το 442, 1. 432, 19

”22222022 161οῗ0. 222
2051, 3466, 6. 0 19, 43. 010-
11101 100100 num inscriptione 000-
1000100 110, 18

0001000100 108 6, 311, 26

0001000100 pecuniae 121, 1. 000-

tom 100 01100 00 41, 8. 012215.

&Qffiaffime

mggomi 100110 magis 0100010 408,

 

